      0.0832890      2.7286000      0.1665800      0.0080171      0.0000000     93.7430000
      0.2484600      2.7069000      0.1637600      0.0081551      0.0000000    101.1910000
      0.4094200      2.6640000      0.1581700      0.0084428      0.0000000    108.6386000
      0.5634700      2.6007000      0.1499200      0.0089074      0.0000000    116.0864000
      0.7080000      2.5178000      0.1391500      0.0095974      0.0000000    123.5341000
      0.8405800      2.4170000      0.1260000      0.0105990      0.0000000    130.9933000
      0.9589200      2.2997000      0.0106870      0.1249600    138.4682000      0.0000000
      1.0610000      2.1681000      0.0096593      0.1382500    145.9158000      0.0000000
      1.1452000      2.0244000      0.0089499      0.1492100    153.3635000      0.0000000
      1.2095000      1.8708000      0.0084485      0.1580000    161.2467000      0.0000000
      1.2454000      1.7090000      0.0080482      0.1656600    173.7235000      0.0000000
      1.2439000      1.5435000      0.0080660      0.1652800   -172.6638000      0.0000000
      1.1907000      1.3902000      0.0093357      0.1413500   -148.9728000      0.0000000
      1.0750000      1.2814000      0.1463300      0.0090182      0.0000000   -117.4900000
      0.9185700      1.2402000      0.1666200      0.0080058      0.0000000    -92.1899000
      0.7517300      1.2370000      0.1670500      0.0080000      0.0000000     90.0000000
      0.5846800      1.2370000      0.1670500      0.0080000      0.0000000     90.0000000
      0.4176300      1.2370000      0.1670500      0.0080000      0.0000000     90.0000000
      0.2505800      1.2370000      0.1670500      0.0080000      0.0000000     90.0000000
      0.0835260      1.2370000      0.1670500      0.0080000      0.0000000     90.0000000
     -0.0835260      1.2370000      0.1670500      0.0080000      0.0000000     90.0000000
     -0.2505800      1.2370000      0.1670500      0.0080000      0.0000000     90.0000000
     -0.4176300      1.2370000      0.1670500      0.0080000      0.0000000     90.0000000
     -0.5846800      1.2370000      0.1670500      0.0080000      0.0000000     90.0000000
     -0.7517300      1.2370000      0.1670500      0.0080000      0.0000000     90.0000000
     -0.9185700      1.2402000      0.1666200      0.0080058      0.0000000    -87.8101000
     -1.0750000      1.2814000      0.1463300      0.0090182      0.0000000    -62.5100000
     -1.1907000      1.3902000      0.0093357      0.1413500    -31.0272000      0.0000000
     -1.2439000      1.5435000      0.0080660      0.1652800     -7.3362000      0.0000000
     -1.2454000      1.7090000      0.0080482      0.1656600      6.2765000      0.0000000
     -1.2095000      1.8708000      0.0084485      0.1580000     18.7533000      0.0000000
     -1.1452000      2.0244000      0.0089499      0.1492100     26.6365000      0.0000000
     -1.0610000      2.1681000      0.0096593      0.1382500     34.0842000      0.0000000
     -0.9589200      2.2997000      0.0106870      0.1249600     41.5318000      0.0000000
     -0.8405800      2.4170000      0.1260000      0.0105990      0.0000000     49.0067000
     -0.7080000      2.5178000      0.1391500      0.0095974      0.0000000     56.4659000
     -0.5634700      2.6007000      0.1499200      0.0089074      0.0000000     63.9136000
     -0.4094200      2.6640000      0.1581700      0.0084428      0.0000000     71.3614000
     -0.2484600      2.7069000      0.1637600      0.0081551      0.0000000     78.8090000
     -0.0832890      2.7286000      0.1665800      0.0080171      0.0000000     86.2570000

     
      0.0892160      2.8440000      0.1784300      0.0080178      0.0000000     93.8216000
      0.2660800      2.8204000      0.1753000      0.0081609      0.0000000    101.3979000
      0.4382800      2.7737000      0.1691100      0.0084596      0.0000000    108.9740000
      0.6028000      2.7046000      0.1599200      0.0089459      0.0000000    116.5858000
      0.7567100      2.6143000      0.1479100      0.0096718      0.0000000    124.1932000
      0.8973500      2.5045000      0.1333700      0.0107260      0.0000000    131.7694000
      1.0223000      2.3771000      0.0105440      0.1356800    139.3499000      0.0000000
      1.1292000      2.2343000      0.0095401      0.1499600    146.9889000      0.0000000
      1.2164000      2.0786000      0.0088586      0.1614900    154.5650000      0.0000000
      1.2820000      1.9127000      0.0084004      0.1702800    162.2383000      0.0000000
      1.3197000      1.7389000      0.0080544      0.1773800    173.3389000      0.0000000
      1.3165000      1.5637000      0.0080967      0.1729500   -171.1371000      0.0000000
      1.2605000      1.3995000      0.0091219      0.1554700   -151.2840000      0.0000000
      1.1444000      1.2722000      0.1469300      0.0096521      0.0000000   -124.0208000
      0.9828800      1.2108000      0.1761500      0.0080712      0.0000000    -97.6185000
      0.8053200      1.1990000      0.1789600      0.0080000      0.0000000     90.0000000
      0.6263600      1.1990000      0.1789600      0.0080000      0.0000000     90.0000000
      0.4474000      1.1990000      0.1789600      0.0080000      0.0000000     90.0000000
      0.2684400      1.1990000      0.1789600      0.0080000      0.0000000     90.0000000
      0.0894800      1.1990000      0.1789600      0.0080000      0.0000000     90.0000000
     -0.0894800      1.1990000      0.1789600      0.0080000      0.0000000     90.0000000
     -0.2684400      1.1990000      0.1789600      0.0080000      0.0000000     90.0000000
     -0.4474000      1.1990000      0.1789600      0.0080000      0.0000000     90.0000000
     -0.6263600      1.1990000      0.1789600      0.0080000      0.0000000     90.0000000
     -0.8053200      1.1990000      0.1789600      0.0080000      0.0000000     90.0000000
     -0.9828800      1.2108000      0.1761500      0.0080712      0.0000000    -82.3815000
     -1.1444000      1.2722000      0.1469300      0.0096521      0.0000000    -55.9792000
     -1.2605000      1.3995000      0.0091219      0.1554700    -28.7160000      0.0000000
     -1.3165000      1.5637000      0.0080967      0.1729500     -8.8629000      0.0000000
     -1.3197000      1.7389000      0.0080544      0.1773800      6.6611000      0.0000000
     -1.2820000      1.9127000      0.0084004      0.1702800     17.7617000      0.0000000
     -1.2164000      2.0786000      0.0088586      0.1614900     25.4350000      0.0000000
     -1.1292000      2.2343000      0.0095401      0.1499600     33.0112000      0.0000000
     -1.0223000      2.3771000      0.0105440      0.1356800     40.6501000      0.0000000
     -0.8973500      2.5045000      0.1333700      0.0107260      0.0000000     48.2306000
     -0.7567100      2.6143000      0.1479100      0.0096718      0.0000000     55.8068000
     -0.6028000      2.7046000      0.1599200      0.0089459      0.0000000     63.4142000
     -0.4382800      2.7737000      0.1691100      0.0084596      0.0000000     71.0260000
     -0.2660800      2.8204000      0.1753000      0.0081609      0.0000000     78.6021000
     -0.0892160      2.8440000      0.1784300      0.0080178      0.0000000     86.1784000
